All tests are on Cuprite.



PNG
rel_errors = [0.0046426636632218941]
compression_ratios = [0.18531366901211319]

JPEG (quality = 100)
rel_errors = [0.13810883781383243]
compression_ratios = [0.08778972102076911]

JPEG (quality = 5, 10, ..., 95)
rel_errors = [0.22430901382905163, 0.19865071058234918, 0.18986877251834977, 0.18416510948312342, 0.17866992899043593, 0.17367843493613572, 0.16903341518028692, 0.16519576614058021, 0.16158234936249419, 0.15866772225289696, 0.15612088364744461, 0.15351013277928111, 0.15084919018838414, 0.14822381598549303, 0.14619958167274258, 0.14420910746265223, 0.1423915654123965, 0.14068139828528112, 0.13926703790424291]
compression_ratios = [0.003262682702165251, 0.0036729304054938343, 0.004222566330360778, 0.004872680209636023, 0.005604455946988425, 0.006333810443265763, 0.007095528625232666, 0.0077203792325282105, 0.008481032352438635, 0.009138303448733422, 0.009813346880544003, 0.010687919038015501, 0.011793943381187472, 0.013117133877675663, 0.014619957740609731, 0.017005909759535684, 0.02031945982551841, 0.026144049898753782, 0.03874935045415382]

Tucker (relative error = 0.005, 0.01, 0.015, 0.02, 0.025, 0.03, 0.04, 0.05, 0.06, 0.07, 0.08, 0.1, 0.12, 0.14, 0.16, 0.18, 0.2)
rel_errors = [0.025526621667025694, 0.017684623258486871, 0.018377272707296079, 0.022631370226119, 0.027169057731804135, 0.031655411906751904, 0.041299489606156134, 0.050946124164821256, 0.060744543803070448, 0.07083586350500061, 0.08070069089860292, 0.10055003511066041, 0.12048903083179692, 0.14027521128932427, 0.16027159838224428, 0.1802757798019565, 0.20033756496523064]
compression_ratios = [0.04702329924074424, 0.039775793360465626, 0.03228394094318942, 0.02783881214509292, 0.025086315469222603, 0.0221626704212897, 0.017228607135131892, 0.014953244059737088, 0.013715272728594696, 0.011853139530286615, 0.010680712118099988, 0.008133722716234295, 0.006195551187507271, 0.004548404315506485, 0.003142089275716903, 0.001991687346858277, 0.0010856035533423976]


Video compression (libx264, preset=veryslow, quality = 0, 5, ..., 50)
rel_errors = [0.0046426636635007717, 0.011422688290015246, 0.014826766279589934, 0.019911204749098067, 0.029660359570943623, 0.044365661104444114, 0.0664554885609107, 0.10134054254842972, 0.17966909490451802, 0.22299672568199858, 0.23805956087644886]
compression_ratios = [0.09972667383448697, 0.05184580792710636, 0.027052959656926185, 0.014187180424579747, 0.007921448747964169, 0.00448446509004915, 0.0023157928310587775, 0.001345819514981532, 0.000509376579132009, 0.00014910158749345626, 8.597180919904606e-05]
